Error processing data: 'winner'
Error processing data: 'Life On Land'
Error processing data: 'Life on Land'
{
  "gpt_original": {
    "No Poverty": [
      5.0,
      0.001,
      0.001,
      0.001,
      0.001,
      0.001,
      0.001,
      0.001,
      0.001,
      0.001,
      0.001,
      0.001,
      0.001,
      0.001,
      0.001,
      0.001,
      0.001,
      0.001,
      0.001,
      0.001,
      0.001,
      0.001,
      0.001,
      0.001,
      0.001,
      0.001,
      2.5,
      0.001,
      0.001,
      0.001,
      0.001,
      0.001,
      0.001,
      0.001,
      0.001,
      4.5,
      0.001,
      0.001,
      5.0,
      0.001,
      0.001,
      0.001,
      0.001,
      0.001,
      0.001,
      4.0,
      0.001,
      0.001,
      0.001,
      0.001,
      0.001,
      0.001,
      0.001,
      0.001,
      0.001,
      0.001,
      0.001,
      4.5,
      0.001,
      0.001
    ],
    "Zero Hunger": [
      0.001,
      0.001,
      0.001,
      0.001,
      0.001,
      0.001,
      5.0,
      0.001,
      0.001,
      0.001,
      0.001,
      0.001,
      0.001,
      0.001,
      0.001,
      0.001,
      0.001,
      4.5,
      0.001,
      0.001,
      0.001,
      0.001,
      0.001,
      0.001,
      0.001,
      0.001,
      0.001,
      0.001,
      0.001,
      4.5,
      0.001,
      0.001,
      0.001,
      0.001,
      0.001,
      0.001,
      0.001,
      0.001,
      0.001,
      0.001,
      0.001,
      0.001,
      0.001,
      0.001,
      0.001,
      0.001,
      0.001,
      0.001,
      0.001,
      0.001,
      0.001,
      0.001,
      0.001,
      0.001,
      0.001,
      0.001,
      0.001,
      0.001,
      0.001,
      0.001
    ],
    "Good Health and Well-being": [
      0.001,
      0.001,
      4.0,
      0.001,
      0.001,
      0.001,
      3.0,
      0.001,
      0.001,
      0.001,
      0.001,
      0.001,
      0.001,
      0.001,
      0.001,
      0.001,
      0.001,
      5.0,
      0.001,
      0.001,
      0.001,
      0.001,
      0.001,
      0.001,
      0.001,
      0.001,
      0.001,
      0.001,
      0.001,
      0.001,
      0.001,
      0.001,
      0.001,
      0.001,
      0.001,
      0.001,
      0.001,
      0.001,
      0.001,
      0.001,
      0.001,
      0.001,
      0.001,
      0.001,
      0.001,
      0.001,
      0.001,
      0.001,
      0.001,
      0.001,
      1.5,
      0.001,
      3.0,
      0.001,
      0.001,
      0.001,
      0.001,
      2.5,
      0.001,
      5.0
    ],
    "Quality Education": [
      5.0,
      0.001,
      6.0,
      0.001,
      8.0,
      0.001,
      8.0,
      5.0,
      9.0,
      6.5,
      0.001,
      0.001,
      0.001,
      6.5,
      0.001,
      5.5,
      5.0,
      6.5,
      0.001,
      0.001,
      0.001,
      0.001,
      5.0,
      5.5,
      0.001,
      4.5,
      0.001,
      4.5,
      2.0,
      9.0,
      0.001,
      6.0,
      0.001,
      0.001,
      0.001,
      6.0,
      7.5,
      0.001,
      6.0,
      4.5,
      5.0,
      0.001,
      6.0,
      7.5,
      0.001,
      0.001,
      8.0,
      4.5,
      4.5,
      0.001,
      8.0,
      0.001,
      8.0,
      5.0,
      0.001,
      4.0,
      5.0,
      7.5,
      5.5,
      0.001
    ],
    "Gender Equality": [
      0.001,
      0.001,
      0.001,
      0.001,
      0.001,
      0.001,
      0.001,
      0.001,
      0.001,
      0.001,
      0.001,
      0.001,
      0.001,
      0.001,
      0.001,
      0.001,
      0.001,
      0.001,
      0.001,
      0.001,
      0.001,
      0.001,
      0.001,
      0.001,
      0.001,
      0.001,
      0.001,
      0.001,
      0.001,
      0.001,
      0.001,
      0.001,
      0.001,
      0.001,
      0.001,
      0.001,
      0.001,
      0.001,
      0.001,
      0.001,
      0.001,
      0.001,
      0.001,
      0.001,
      0.001,
      0.001,
      0.001,
      0.001,
      0.001,
      0.001,
      0.001,
      0.001,
      0.001,
      0.001,
      0.001,
      0.001,
      0.001,
      0.001,
      0.001,
      0.001
    ],
    "Clean Water and Sanitation": [
      0.001,
      0.001,
      0.001,
      0.001,
      0.001,
      0.001,
      8.0,
      0.001,
      0.001,
      0.001,
      0.001,
      0.001,
      0.001,
      0.001,
      0.001,
      0.001,
      0.001,
      8.0,
      0.001,
      0.001,
      0.001,
      0.001,
      0.001,
      0.001,
      0.001,
      0.001,
      0.001,
      0.001,
      0.001,
      7.0,
      0.001,
      0.001,
      0.001,
      0.001,
      0.001,
      0.001,
      0.001,
      0.001,
      0.001,
      0.001,
      0.001,
      0.001,
      0.001,
      7.0,
      0.001,
      0.001,
      9.0,
      0.001,
      0.001,
      0.001,
      0.001,
      0.001,
      0.001,
      0.001,
      0.001,
      0.001,
      8.0,
      0.001,
      0.001,
      0.001
    ],
    "Affordable and Clean Energy": [
      0.001,
      0.001,
      0.001,
      0.001,
      0.001,
      0.001,
      0.001,
      0.001,
      0.001,
      0.001,
      0.001,
      0.001,
      0.001,
      0.001,
      0.001,
      0.001,
      0.001,
      0.001,
      0.001,
      0.001,
      0.001,
      0.001,
      0.001,
      0.001,
      0.001,
      0.001,
      0.001,
      0.001,
      0.001,
      0.001,
      0.001,
      0.001,
      0.001,
      5.0,
      0.001,
      0.001,
      0.001,
      0.001,
      0.001,
      0.001,
      0.001,
      4.0,
      0.001,
      0.001,
      0.001,
      0.001,
      0.001,
      0.001,
      0.001,
      0.001,
      2.0,
      0.001,
      4.5,
      0.001,
      0.001,
      0.001,
      0.001,
      4.5,
      0.001,
      0.001
    ],
    "Decent Work and Economic Growth": [
      8.0,
      0.001,
      7.0,
      0.001,
      8.0,
      0.001,
      0.001,
      4.5,
      9.0,
      0.001,
      0.001,
      4.5,
      0.001,
      0.001,
      0.001,
      0.001,
      0.001,
      0.001,
      7.0,
      8.0,
      0.001,
      0.001,
      0.001,
      9.0,
      0.001,
      7.5,
      6.5,
      0.001,
      3.0,
      0.001,
      0.001,
      5.0,
      5.0,
      5.0,
      0.001,
      7.5,
      8.5,
      0.001,
      5.0,
      0.001,
      6.5,
      5.0,
      0.001,
      0.001,
      7.5,
      8.0,
      0.001,
      0.001,
      5.0,
      0.001,
      3.0,
      7.5,
      5.5,
      4.5,
      0.001,
      9.0,
      0.001,
      8.0,
      6.0,
      7.5
    ],
    "Industry, Innovation and Infrastructure": [
      8.0,
      0.001,
      7.0,
      0.001,
      6.5,
      0.001,
      4.0,
      0.001,
      9.0,
      4.0,
      0.001,
      5.0,
      6.5,
      8.0,
      5.0,
      8.5,
      0.001,
      5.0,
      8.0,
      6.5,
      0.001,
      0.001,
      0.001,
      8.0,
      0.001,
      7.0,
      7.0,
      0.001,
      9.0,
      6.5,
      0.001,
      9.0,
      7.0,
      4.5,
      0.001,
      6.5,
      5.0,
      9.0,
      9.0,
      6.0,
      7.5,
      5.0,
      9.0,
      7.5,
      7.5,
      8.0,
      8.0,
      0.001,
      8.0,
      0.001,
      7.5,
      0.001,
      7.5,
      9.0,
      0.001,
      6.0,
      6.0,
      8.0,
      0.001,
      8.0
    ],
    "Reduced Inequalities": [
      6.0,
      0.001,
      0.001,
      0.001,
      0.001,
      0.001,
      7.0,
      0.001,
      0.001,
      0.001,
      0.001,
      6.0,
      0.001,
      0.001,
      0.001,
      0.001,
      0.001,
      7.5,
      0.001,
      0.001,
      0.001,
      0.001,
      0.001,
      0.001,
      0.001,
      0.001,
      6.0,
      0.001,
      0.001,
      6.5,
      0.001,
      0.001,
      0.001,
      0.001,
      0.001,
      5.0,
      0.001,
      0.001,
      6.0,
      0.001,
      0.001,
      0.001,
      0.001,
      8.0,
      0.001,
      7.5,
      6.5,
      0.001,
      0.001,
      0.001,
      0.001,
      0.001,
      0.001,
      0.001,
      0.001,
      0.001,
      8.0,
      6.5,
      0.001,
      4.5
    ],
    "Sustainable Cities and Communities": [
      9.0,
      10.0,
      9.0,
      10.0,
      7.5,
      7.5,
      10.0,
      8.0,
      8.0,
      9.0,
      9.0,
      10.0,
      9.0,
      9.0,
      10.0,
      8.0,
      5.0,
      9.5,
      9.5,
      9.8,
      10.0,
      10.0,
      6.0,
      7.5,
      9.0,
      9.5,
      10.0,
      6.0,
      8.5,
      9.0,
      9.0,
      8.0,
      9.0,
      10.0,
      9.0,
      9.0,
      0.001,
      9.0,
      9.0,
      9.0,
      8.5,
      9.0,
      8.0,
      10.0,
      10.0,
      9.0,
      10.0,
      9.0,
      4.5,
      9.0,
      8.5,
      9.0,
      9.0,
      8.0,
      9.0,
      6.0,
      10.0,
      9.0,
      10.0,
      10.0
    ],
    "Responsible Consumption and Production": [
      0.001,
      0.001,
      0.001,
      0.001,
      0.001,
      0.001,
      7.0,
      0.001,
      0.001,
      0.001,
      0.001,
      0.001,
      0.001,
      0.001,
      0.001,
      0.001,
      0.001,
      6.0,
      0.001,
      0.001,
      0.001,
      0.001,
      0.001,
      0.001,
      0.001,
      0.001,
      0.001,
      0.001,
      0.001,
      6.5,
      0.001,
      0.001,
      0.001,
      5.0,
      0.001,
      4.0,
      0.001,
      0.001,
      0.001,
      0.001,
      0.001,
      0.001,
      0.001,
      6.0,
      0.001,
      0.001,
      8.0,
      0.001,
      0.001,
      0.001,
      2.5,
      0.001,
      4.5,
      0.001,
      0.001,
      0.001,
      7.5,
      0.001,
      0.001,
      0.001
    ],
    "Climate Action": [
      4.5,
      0.001,
      9.0,
      0.001,
      0.001,
      0.001,
      9.0,
      0.001,
      0.001,
      0.001,
      0.001,
      7.5,
      0.001,
      0.001,
      0.001,
      0.001,
      0.001,
      8.5,
      3.0,
      7.5,
      0.001,
      0.001,
      0.001,
      0.001,
      0.001,
      0.001,
      7.5,
      0.001,
      0.001,
      8.0,
      8.0,
      0.001,
      9.0,
      0.001,
      0.001,
      5.0,
      0.001,
      0.001,
      4.0,
      0.001,
      9.0,
      0.001,
      0.001,
      8.0,
      0.001,
      6.9,
      9.0,
      0.001,
      0.001,
      6.5,
      2.0,
      9.0,
      0.001,
      0.001,
      0.001,
      0.001,
      9.0,
      4.0,
      0.001,
      4.5
    ],
    "Life Below Water": [
      0.001,
      0.001,
      0.001,
      0.001,
      0.001,
      0.001,
      0.001,
      0.001,
      0.001,
      0.001,
      0.001,
      0.001,
      0.001,
      0.001,
      0.001,
      0.001,
      0.001,
      0.001,
      0.001,
      0.001,
      0.001,
      0.001,
      0.001,
      0.001,
      0.001,
      0.001,
      0.001,
      0.001,
      0.001,
      0.001,
      0.001,
      0.001,
      0.001,
      0.001,
      0.001,
      0.001,
      0.001,
      0.001,
      0.001,
      0.001,
      0.001,
      0.001,
      0.001,
      0.001,
      0.001,
      0.001,
      0.001,
      0.001,
      0.001,
      0.001,
      0.001,
      0.001,
      0.001,
      0.001,
      0.001,
      0.001,
      0.001,
      0.001,
      0.001,
      0.001
    ],
    "Life on Land": [
      0.001,
      0.001,
      5.0,
      9.0,
      0.001,
      0.001,
      4.0,
      5.0,
      0.001,
      8.5,
      9.0,
      0.001,
      0.001,
      9.0,
      0.001,
      3.0,
      4.5,
      0.001,
      0.001,
      0.001,
      0.001,
      3.5,
      0.001,
      7.5,
      0.001,
      5.0,
      9.0,
      2.0,
      4.5,
      0.001,
      3.0,
      0.001,
      0.001,
      0.001,
      3.0,
      0.001,
      0.001,
      0.001,
      0.001,
      4.5,
      3.0,
      0.001,
      0.001,
      0.001,
      3.0,
      0.001,
      9.0,
      4.0,
      0.001,
      1.5,
      5.0,
      0.001,
      0.001,
      6.0,
      3.0,
      0.001,
      0.001,
      0.001,
      0.001
    ],
    "Peace, Justice and Strong Institutions": [
      6.5,
      0.001,
      0.001,
      9.0,
      7.0,
      9.0,
      6.0,
      9.0,
      5.0,
      7.0,
      8.0,
      0.001,
      0.001,
      8.0,
      4.0,
      9.0,
      7.5,
      6.0,
      7.0,
      0.001,
      0.001,
      9.5,
      7.0,
      8.5,
      3.0,
      7.0,
      9.0,
      0.001,
      6.5,
      0.001,
      0.001,
      0.001,
      0.001,
      0.001,
      5.5,
      6.0,
      0.001,
      6.0,
      0.001,
      0.001,
      0.001,
      0.001,
      7.5,
      5.0,
      6.0,
      7.0,
      9.0,
      0.001,
      0.001,
      0.001,
      0.001,
      0.001,
      0.001,
      9.0,
      10.0,
      7.5,
      5.0,
      3.0,
      5.0
    ],
    "Partnerships for the Goals": [
      7.5,
      0.001,
      0.001,
      0.001,
      5.0,
      0.001,
      6.0,
      6.0,
      7.0,
      0.001,
      0.001,
      3.0,
      0.001,
      0.001,
      7.5,
      3.0,
      6.0,
      0.001,
      0.001,
      0.001,
      0.001,
      0.001,
      7.5,
      0.001,
      3.0,
      0.001,
      5.0,
      2.0,
      4.0,
      0.001,
      0.001,
      0.001,
      0.001,
      0.001,
      0.001,
      6.5,
      7.0,
      5.0,
      0.001,
      3.0,
      2.0,
      6.0,
      0.001,
      0.001,
      7.5,
      0.001,
      0.001,
      0.001,
      0.001,
      7.5,
      0.001,
      0.001,
      8.0,
      0.001,
      7.5,
      0.001,
      7.0,
      0.001,
      4.5
    ],
    "Life On Land": [
      1.5
    ]
  },
  "gemini_original": {
    "No Poverty": [
      8.5,
      2.5,
      2.5,
      2.5,
      2.5,
      2.5,
      3.5,
      5.5,
      2.5,
      2.5,
      2.5,
      2.5,
      0.001,
      0.001,
      2.5,
      4.5,
      5.5,
      3.5,
      2.5,
      2.5,
      2.5,
      2.5,
      2.5,
      4.5,
      2.5,
      2.5,
      8.5,
      5.5,
      0.001,
      3.5,
      2.5,
      0.001,
      0.001,
      0.001,
      4.5,
      8.5,
      4.5,
      0.001,
      8.5,
      2.5,
      0.001,
      0.001,
      0.001,
      3.5,
      2.5,
      8.5,
      3.5,
      5.5,
      0.001,
      2.5,
      0.001,
      2.5,
      0.001,
      0.001,
      2.5,
      4.5,
      3.5,
      8.5,
      2.5,
      2.5
    ],
    "Zero Hunger": [
      0.001,
      0.001,
      0.001,
      0.001,
      0.001,
      0.001,
      8.5,
      0.001,
      0.001,
      0.001,
      0.001,
      0.001,
      0.001,
      0.001,
      0.001,
      0.001,
      0.001,
      7.5,
      0.001,
      0.001,
      0.001,
      0.001,
      0.001,
      0.001,
      0.001,
      0.001,
      0.001,
      0.001,
      0.001,
      7.5,
      0.001,
      0.001,
      0.001,
      0.001,
      0.001,
      0.001,
      0.001,
      0.001,
      0.001,
      0.001,
      0.001,
      0.001,
      0.001,
      7.5,
      0.001,
      0.001,
      7.5,
      0.001,
      0.001,
      0.001,
      0.001,
      0.001,
      0.001,
      0.001,
      0.001,
      0.001,
      8.5,
      0.001,
      0.001,
      0.001
    ],
    "Good Health and Well-being": [
      4.5,
      5.5,
      2.0,
      0.001,
      0.001,
      0.001,
      4.5,
      0.001,
      0.001,
      0.001,
      0.001,
      7.5,
      4.5,
      4.5,
      0.001,
      0.001,
      0.001,
      4.5,
      7.5,
      5.5,
      2.8,
      5.5,
      0.001,
      0.001,
      0.001,
      2.8,
      4.5,
      0.001,
      0.001,
      4.5,
      2.0,
      0.001,
      1.5,
      4.5,
      2.5,
      4.5,
      0.001,
      0.001,
      4.5,
      2.8,
      1.5,
      4.5,
      0.001,
      4.5,
      2.8,
      2.5,
      4.5,
      0.001,
      0.001,
      2.0,
      4.5,
      2.0,
      4.5,
      0.001,
      0.001,
      0.001,
      4.5,
      2.5,
      2.8,
      5.5
    ],
    "Quality Education": [
      9.0,
      0.001,
      1.0,
      0.001,
      10.0,
      4.0,
      9.0,
      2.5,
      10.0,
      0.001,
      0.001,
      0.001,
      0.001,
      0.001,
      0.001,
      9.0,
      2.5,
      8.0,
      0.001,
      0.001,
      0.001,
      0.001,
      4.0,
      9.0,
      0.001,
      0.001,
      9.0,
      2.5,
      7.5,
      8.0,
      1.0,
      9.5,
      2.0,
      0.001,
      0.001,
      9.0,
      9.0,
      9.5,
      9.0,
      0.001,
      2.0,
      0.001,
      7.5,
      8.0,
      0.001,
      9.0,
      8.0,
      2.5,
      9.5,
      1.0,
      0.001,
      1.0,
      0.001,
      7.5,
      0.001,
      9.0,
      9.0,
      9.0,
      0.001,
      0.001
    ],
    "Gender Equality": [
      0.001,
      0.001,
      0.001,
      0.001,
      0.001,
      0.001,
      0.001,
      0.001,
      0.001,
      0.001,
      0.001,
      0.001,
      0.001,
      0.001,
      0.001,
      0.001,
      0.001,
      0.001,
      0.001,
      0.001,
      0.001,
      0.001,
      0.001,
      0.001,
      0.001,
      0.001,
      0.001,
      0.001,
      0.001,
      0.001,
      0.001,
      0.001,
      0.001,
      0.001,
      0.001,
      0.001,
      0.001,
      0.001,
      0.001,
      0.001,
      0.001,
      0.001,
      0.001,
      0.001,
      0.001,
      0.001,
      0.001,
      0.001,
      0.001,
      0.001,
      0.001,
      0.001,
      0.001,
      0.001,
      0.001,
      0.001,
      0.001,
      0.001,
      0.001,
      0.001
    ],
    "Clean Water and Sanitation": [
      0.001,
      2.0,
      0.001,
      0.001,
      0.001,
      0.001,
      8.5,
      0.001,
      0.001,
      0.001,
      0.001,
      2.0,
      0.001,
      0.001,
      0.001,
      0.001,
      0.001,
      7.5,
      2.0,
      2.0,
      0.001,
      2.0,
      0.001,
      0.001,
      0.001,
      0.001,
      0.001,
      0.001,
      0.001,
      7.5,
      0.001,
      0.001,
      0.001,
      0.001,
      0.001,
      0.001,
      0.001,
      0.001,
      0.001,
      0.001,
      0.001,
      0.001,
      0.001,
      7.5,
      0.001,
      0.001,
      7.5,
      0.001,
      0.001,
      0.001,
      0.001,
      0.001,
      0.001,
      0.001,
      0.001,
      0.001,
      8.5,
      0.001,
      0.001,
      2.0
    ],
    "Affordable and Clean Energy": [
      2.5,
      1.5,
      0.001,
      0.001,
      0.001,
      0.001,
      0.001,
      0.001,
      0.001,
      0.001,
      0.001,
      4.5,
      3.5,
      3.5,
      0.001,
      0.001,
      0.001,
      2.5,
      4.5,
      1.5,
      0.001,
      1.5,
      0.001,
      0.001,
      0.001,
      0.001,
      2.5,
      0.001,
      0.001,
      2.5,
      0.001,
      0.001,
      0.001,
      3.5,
      0.001,
      2.5,
      0.001,
      0.001,
      2.5,
      0.001,
      0.001,
      3.5,
      0.001,
      2.5,
      0.001,
      1.5,
      2.5,
      0.001,
      0.001,
      0.001,
      3.5,
      0.001,
      3.5,
      0.001,
      0.001,
      0.001,
      0.001,
      1.5,
      0.001,
      1.5
    ],
    "Decent Work and Economic Growth": [
      8.0,
      8.5,
      7.5,
      6.5,
      9.0,
      7.5,
      5.5,
      8.0,
      9.0,
      6.5,
      6.5,
      8.0,
      4.0,
      4.0,
      6.5,
      8.5,
      8.0,
      5.5,
      8.0,
      8.5,
      9.2,
      8.5,
      7.5,
      8.5,
      6.5,
      9.2,
      8.0,
      8.0,
      4.5,
      5.5,
      7.5,
      5.5,
      4.5,
      4.0,
      8.5,
      8.0,
      8.5,
      5.5,
      8.0,
      9.2,
      4.5,
      4.0,
      4.5,
      5.5,
      9.2,
      8.8,
      5.5,
      8.0,
      5.5,
      7.5,
      4.0,
      7.5,
      4.0,
      4.5,
      6.5,
      8.5,
      5.5,
      8.8,
      9.2,
      8.5
    ],
    "Industry, Innovation and Infrastructure": [
      9.5,
      9.0,
      9.0,
      8.5,
      8.5,
      5.5,
      9.0,
      6.0,
      8.5,
      8.5,
      8.5,
      9.0,
      9.5,
      9.5,
      8.5,
      8.0,
      6.0,
      9.0,
      9.0,
      9.0,
      8.5,
      9.0,
      5.5,
      8.0,
      8.5,
      8.5,
      9.5,
      6.0,
      9.0,
      9.0,
      9.0,
      8.8,
      7.5,
      9.5,
      8.0,
      9.5,
      8.0,
      8.8,
      9.5,
      8.5,
      7.5,
      9.5,
      9.0,
      9.0,
      8.5,
      9.5,
      9.0,
      6.0,
      8.8,
      9.0,
      9.5,
      9.0,
      9.5,
      9.0,
      8.5,
      8.0,
      9.0,
      9.5,
      8.5,
      9.0
    ],
    "Reduced Inequalities": [
      8.5,
      6.0,
      1.5,
      5.5,
      7.5,
      6.0,
      9.5,
      6.5,
      7.5,
      5.5,
      5.5,
      5.5,
      0.001,
      0.001,
      5.5,
      6.0,
      6.5,
      8.5,
      5.5,
      6.0,
      6.5,
      6.0,
      6.0,
      6.0,
      5.5,
      6.5,
      8.5,
      6.5,
      0.001,
      8.5,
      1.5,
      0.001,
      0.001,
      0.001,
      4.5,
      8.5,
      6.0,
      0.001,
      8.5,
      6.5,
      0.001,
      0.001,
      0.001,
      8.5,
      6.5,
      7.9,
      8.5,
      6.5,
      0.001,
      1.5,
      0.001,
      1.5,
      0.001,
      0.001,
      5.5,
      6.0,
      9.5,
      7.9,
      6.5,
      6.0
    ],
    "Sustainable Cities and Communities": [
      9.5,
      10.0,
      10.0,
      10.0,
      9.0,
      8.0,
      10.0,
      7.5,
      9.0,
      10.0,
      10.0,
      10.0,
      9.8,
      9.8,
      10.0,
      8.5,
      7.5,
      10.0,
      10.0,
      10.0,
      10.0,
      10.0,
      8.0,
      8.5,
      10.0,
      10.0,
      9.5,
      7.5,
      7.8,
      10.0,
      10.0,
      8.2,
      9.0,
      9.8,
      10.0,
      9.5,
      8.5,
      8.2,
      9.5,
      10.0,
      9.0,
      9.8,
      7.8,
      10.0,
      10.0,
      9.8,
      10.0,
      7.5,
      8.2,
      10.0,
      9.8,
      10.0,
      9.8,
      7.8,
      10.0,
      8.5,
      10.0,
      9.8,
      10.0,
      10.0
    ],
    "Responsible Consumption and Production": [
      3.0,
      1.0,
      0.001,
      2.0,
      0.001,
      0.001,
      8.5,
      0.001,
      0.001,
      2.0,
      2.0,
      2.0,
      2.5,
      2.5,
      2.0,
      0.001,
      0.001,
      7.0,
      2.0,
      1.0,
      3.2,
      1.0,
      0.001,
      0.001,
      2.0,
      3.2,
      3.0,
      0.001,
      0.001,
      7.0,
      0.001,
      0.001,
      0.001,
      2.5,
      0.001,
      3.0,
      0.001,
      0.001,
      3.0,
      3.2,
      0.001,
      2.5,
      0.001,
      7.0,
      3.2,
      5.5,
      7.0,
      0.001,
      0.001,
      0.001,
      2.5,
      0.001,
      2.5,
      0.001,
      2.0,
      0.001,
      8.5,
      5.5,
      3.2,
      1.0
    ],
    "Climate Action": [
      2.0,
      5.0,
      8.5,
      0.001,
      0.001,
      0.001,
      9.0,
      0.001,
      0.001,
      0.001,
      0.001,
      7.0,
      0.001,
      0.001,
      0.001,
      0.001,
      0.001,
      9.0,
      7.0,
      5.0,
      5.8,
      5.0,
      0.001,
      0.001,
      0.001,
      5.8,
      2.0,
      0.001,
      0.001,
      9.0,
      8.5,
      2.5,
      8.0,
      0.001,
      0.001,
      2.0,
      0.001,
      2.5,
      2.0,
      5.8,
      8.0,
      0.001,
      0.001,
      9.0,
      5.8,
      2.0,
      9.0,
      0.001,
      2.5,
      8.5,
      0.001,
      8.5,
      0.001,
      0.001,
      0.001,
      0.001,
      9.0,
      2.0,
      5.8,
      5.0
    ],
    "Life Below Water": [
      0.001,
      0.001,
      0.001,
      0.001,
      0.001,
      0.001,
      0.001,
      0.001,
      0.001,
      0.001,
      0.001,
      0.001,
      0.001,
      0.001,
      0.001,
      0.001,
      0.001,
      0.001,
      0.001,
      0.001,
      0.001,
      0.001,
      0.001,
      0.001,
      0.001,
      0.001,
      0.001,
      0.001,
      0.001,
      0.001,
      0.001,
      0.001,
      0.001,
      0.001,
      0.001,
      0.001,
      0.001,
      0.001,
      0.001,
      0.001,
      0.001,
      0.001,
      0.001,
      0.001,
      0.001,
      0.001,
      0.001,
      0.001,
      0.001,
      0.001,
      0.001,
      0.001,
      0.001,
      0.001,
      0.001,
      0.001,
      0.001,
      0.001,
      0.001,
      0.001
    ],
    "Life on Land": [
      2.5,
      2.5,
      6.0,
      8.0,
      0.001,
      8.0,
      6.5,
      7.5,
      0.001,
      8.0,
      8.0,
      5.0,
      2.0,
      8.0,
      0.001,
      7.5,
      5.0,
      5.0,
      2.5,
      3.0,
      2.5,
      8.0,
      0.001,
      8.0,
      3.0,
      2.5,
      7.5,
      4.0,
      5.0,
      6.0,
      4.8,
      6.0,
      2.0,
      0.001,
      2.5,
      0.001,
      4.8,
      2.5,
      3.0,
      6.0,
      2.0,
      4.0,
      5.0,
      3.0,
      2.0,
      5.0,
      7.5,
      4.8,
      6.0,
      2.0,
      6.0,
      2.0,
      4.0,
      8.0,
      0.001,
      6.5,
      2.0,
      3.0,
      2.5
    ],
    "Peace, Justice and Strong Institutions": [
      8.0,
      6.5,
      1.0,
      10.0,
      8.0,
      9.5,
      9.0,
      8.5,
      8.0,
      10.0,
      10.0,
      6.0,
      1.5,
      10.0,
      6.5,
      8.5,
      7.0,
      6.0,
      6.5,
      6.0,
      6.5,
      9.5,
      6.5,
      10.0,
      6.0,
      8.0,
      8.5,
      1.5,
      7.0,
      1.0,
      4.5,
      1.0,
      1.5,
      3.0,
      8.0,
      6.5,
      4.5,
      8.0,
      6.0,
      1.0,
      1.5,
      1.5,
      7.0,
      6.0,
      8.7,
      7.0,
      8.5,
      4.5,
      1.0,
      1.5,
      1.0,
      1.5,
      1.5,
      10.0,
      6.5,
      9.0,
      8.7,
      6.0,
      6.5
    ],
    "Partnerships for the Goals": [
      6.0,
      8.0,
      5.5,
      0.001,
      6.0,
      2.0,
      5.0,
      3.0,
      6.0,
      0.001,
      0.001,
      6.5,
      1.0,
      0.001,
      2.5,
      3.0,
      6.5,
      6.5,
      8.0,
      3.5,
      8.0,
      2.0,
      2.5,
      0.001,
      3.5,
      6.0,
      3.0,
      5.5,
      6.5,
      5.5,
      6.0,
      1.5,
      1.0,
      2.0,
      6.0,
      2.5,
      6.0,
      6.0,
      3.5,
      1.5,
      1.0,
      5.5,
      6.5,
      3.5,
      8.2,
      6.5,
      3.0,
      6.0,
      5.5,
      1.0,
      5.5,
      1.0,
      5.5,
      0.001,
      2.5,
      5.0,
      8.2,
      3.5,
      8.0
    ],
    "Life On Land": []
  },
  "gpt_judge_final": {
    "No Poverty": [
      8.0,
      2.5,
      2.5,
      2.5,
      1.2505,
      1.7505,
      5.5,
      1.2505,
      2.5,
      0.001,
      2.5,
      0.001,
      2.5,
      4.75,
      5.5,
      1.7505,
      1.2505,
      1.2505,
      2.5,
      2.5,
      1.2505,
      2.2505,
      1.2505,
      1.2505,
      6.75,
      0.001,
      0.001,
      1.7505,
      2.5,
      0.001,
      0.001,
      0.001,
      4.5,
      6.5,
      2.2505,
      0.001,
      8.0,
      2.5,
      0.001,
      0.001,
      0.001,
      1.7505,
      1.2505,
      6.25,
      1.7505,
      5.5,
      0.001,
      2.5,
      0.001,
      1.2505,
      0.001,
      0.001,
      1.2505,
      3.5,
      1.7505,
      8.5,
      2.5,
      1.2505
    ],
    "Zero Hunger": [
      0.001,
      0.001,
      0.001,
      0.001,
      0.001,
      8.5,
      0.001,
      0.001,
      0.001,
      0.001,
      0.001,
      0.001,
      0.001,
      0.001,
      0.001,
      7.5,
      0.001,
      0.001,
      0.001,
      0.001,
      0.001,
      0.001,
      0.001,
      0.001,
      0.001,
      0.001,
      0.001,
      7.5,
      0.001,
      0.001,
      0.001,
      0.001,
      0.001,
      0.001,
      0.001,
      0.001,
      0.001,
      0.001,
      0.001,
      0.001,
      0.001,
      7.5,
      0.001,
      0.001,
      7.5,
      0.001,
      0.001,
      0.001,
      0.001,
      0.001,
      0.001,
      0.001,
      0.001,
      0.001,
      8.5,
      0.001,
      0.001,
      0.001
    ],
    "Good Health and Well-being": [
      4.5,
      5.5,
      2.5,
      0.001,
      0.001,
      4.5,
      0.001,
      0.001,
      0.001,
      0.001,
      7.5,
      4.5,
      0.001,
      0.001,
      0.001,
      5.0,
      7.5,
      5.25,
      2.8,
      5.5,
      0.001,
      0.001,
      0.001,
      2.8,
      4.5,
      0.001,
      0.001,
      4.25,
      2.0,
      0.001,
      1.5,
      4.5,
      2.5,
      2.2505,
      0.001,
      0.001,
      4.5,
      1.867,
      0.7505,
      4.5,
      0.001,
      4.5,
      2.8,
      2.5,
      4.25,
      0.001,
      0.001,
      2.0,
      4.5,
      2.0,
      4.5,
      0.001,
      0.001,
      0.001,
      2.2505,
      2.5,
      2.8,
      5.5
    ],
    "Quality Education": [
      9.0,
      0.001,
      4.5,
      9.5,
      3.5,
      9.0,
      5.0,
      9.5,
      3.2505,
      0.001,
      0.001,
      3.2505,
      0.001,
      9.0,
      5.0,
      8.0,
      0.001,
      0.001,
      0.001,
      0.001,
      5.0,
      8.0,
      0.001,
      2.2505,
      8.75,
      4.5,
      7.75,
      8.5,
      1.0,
      9.25,
      2.0,
      0.001,
      0.001,
      7.5,
      8.25,
      9.5,
      8.75,
      2.2505,
      5.0,
      0.001,
      7.5,
      8.0,
      0.001,
      9.0,
      8.0,
      4.5,
      7.25,
      2.0,
      4.0005,
      0.5005,
      0.001,
      7.5,
      0.001,
      8.0,
      9.0,
      9.0,
      2.7505,
      0.001
    ],
    "Gender Equality": [
      0.001,
      0.001,
      0.001,
      0.001,
      0.001,
      0.001,
      0.001,
      0.001,
      0.001,
      0.001,
      0.001,
      0.001,
      0.001,
      0.001,
      0.001,
      0.001,
      0.001,
      0.001,
      0.001,
      0.001,
      0.001,
      0.001,
      0.001,
      0.001,
      0.001,
      0.001,
      0.001,
      0.001,
      0.001,
      0.001,
      0.001,
      0.001,
      0.001,
      0.001,
      0.001,
      0.001,
      0.001,
      0.001,
      0.001,
      0.001,
      0.001,
      0.001,
      0.001,
      0.001,
      0.001,
      0.001,
      0.001,
      0.001,
      0.001,
      0.001,
      0.001,
      0.001,
      0.001,
      0.001,
      0.001,
      0.001,
      0.001,
      0.001
    ],
    "Clean Water and Sanitation": [
      0.001,
      2.0,
      0.001,
      0.001,
      0.001,
      8.5,
      0.001,
      0.001,
      0.001,
      0.001,
      2.0,
      0.001,
      0.001,
      0.001,
      0.001,
      7.833333333333333,
      1.0005,
      2.0,
      0.001,
      2.0,
      0.001,
      0.001,
      0.001,
      0.001,
      0.001,
      0.001,
      0.001,
      7.5,
      0.001,
      0.001,
      0.001,
      0.001,
      0.001,
      0.001,
      0.001,
      0.001,
      0.001,
      0.001,
      0.001,
      0.001,
      0.001,
      7.5,
      0.001,
      0.001,
      9.0,
      0.001,
      0.001,
      0.001,
      0.001,
      0.001,
      0.001,
      0.001,
      0.001,
      0.001,
      8.5,
      0.001,
      0.001,
      1.0005
    ],
    "Affordable and Clean Energy": [
      2.5,
      1.5,
      0.001,
      0.001,
      0.001,
      0.001,
      0.001,
      0.001,
      0.001,
      0.001,
      4.5,
      3.5,
      0.001,
      0.001,
      0.001,
      1.2505,
      2.75,
      1.5,
      0.001,
      1.5,
      0.001,
      0.001,
      0.001,
      0.001,
      2.5,
      0.001,
      0.001,
      2.5,
      0.001,
      0.001,
      0.001,
      4.25,
      0.001,
      2.5,
      0.001,
      0.001,
      2.5,
      0.001,
      0.001,
      4.0,
      0.001,
      0.001,
      0.001,
      1.5,
      1.667,
      0.001,
      0.001,
      0.001,
      3.5,
      0.001,
      4.0,
      0.001,
      0.001,
      0.001,
      0.001,
      1.5,
      0.001,
      0.7505
    ],
    "Decent Work and Economic Growth": [
      8.0,
      8.5,
      7.5,
      8.5,
      7.5,
      5.5,
      6.25,
      9.0,
      6.5,
      5.25,
      7.5,
      4.0,
      6.5,
      8.5,
      8.0,
      5.5,
      8.0,
      8.5,
      7.6,
      8.5,
      7.5,
      8.75,
      3.2505,
      8.6,
      7.75,
      8.0,
      4.75,
      3.75,
      3.7505,
      5.5,
      4.75,
      4.0,
      8.25,
      7.75,
      8.5,
      5.5,
      7.75,
      9.2,
      5.5,
      5.0,
      3.0003333333333333,
      5.5,
      9.2,
      8.8,
      5.5,
      8.0,
      5.5,
      7.5,
      4.0,
      7.5,
      4.75,
      4.5,
      3.2505,
      9.0,
      5.5,
      8.8,
      9.2,
      8.75
    ],
    "Industry, Innovation and Infrastructure": [
      9.5,
      9.0,
      8.0,
      8.0,
      4.25,
      9.0,
      6.0,
      8.75,
      8.0,
      5.75,
      8.25,
      9.25,
      6.75,
      8.5,
      6.0,
      9.0,
      9.0,
      9.0,
      7.75,
      9.0,
      2.7505,
      8.0,
      8.5,
      8.25,
      9.0,
      0.001,
      9.0,
      8.75,
      4.5005,
      9.0,
      7.25,
      8.5,
      8.0,
      8.0,
      8.0,
      9.0,
      9.5,
      8.5,
      7.5,
      9.5,
      9.0,
      9.0,
      8.5,
      9.25,
      9.0,
      6.0,
      8.8,
      9.0,
      9.5,
      9.0,
      8.75,
      9.0,
      7.75,
      7.75,
      9.0,
      9.5,
      8.5,
      9.0
    ],
    "Reduced Inequalities": [
      8.25,
      6.0,
      0.7505,
      7.5,
      6.0,
      9.5,
      6.5,
      3.7505,
      5.5,
      5.5,
      5.75,
      0.001,
      2.7505,
      5.5,
      6.5,
      8.5,
      5.5,
      6.0,
      6.0,
      6.0,
      3.0005,
      6.0,
      2.7505,
      6.5,
      8.25,
      0.001,
      0.001,
      8.5,
      1.5,
      0.001,
      0.001,
      0.001,
      4.5,
      6.75,
      6.0,
      0.001,
      8.0,
      6.5,
      0.001,
      0.001,
      0.001,
      8.5,
      6.5,
      7.9,
      8.5,
      3.2505,
      0.001,
      1.5,
      0.001,
      1.5,
      0.001,
      0.001,
      2.7505,
      6.0,
      9.5,
      7.9,
      6.5,
      6.0
    ],
    "Sustainable Cities and Communities": [
      9.5,
      10.0,
      9.5,
      8.5,
      7.75,
      10.0,
      8.0,
      8.5,
      9.5,
      9.5,
      10.0,
      9.4,
      10.0,
      8.25,
      6.25,
      10.0,
      10.0,
      10.0,
      10.0,
      10.0,
      7.0,
      8.25,
      10.0,
      10.0,
      10.0,
      6.75,
      8.5,
      9.75,
      9.5,
      8.2,
      9.0,
      10.0,
      10.0,
      9.25,
      8.5,
      9.0,
      9.5,
      10.0,
      9.0,
      9.8,
      7.75,
      10.0,
      10.0,
      9.8,
      10.0,
      9.0,
      7.35,
      10.0,
      9.8,
      10.0,
      9.8,
      8.0,
      9.75,
      8.0,
      10.0,
      9.8,
      10.0,
      10.0
    ],
    "Responsible Consumption and Production": [
      3.0,
      1.0,
      0.001,
      0.001,
      0.001,
      8.5,
      0.001,
      0.001,
      2.0,
      0.001,
      2.0,
      2.5,
      2.0,
      0.001,
      0.001,
      7.0,
      1.25,
      1.0,
      3.2,
      1.0,
      0.001,
      0.001,
      2.0,
      3.2,
      1.5005,
      0.001,
      0.001,
      7.25,
      0.001,
      0.001,
      0.001,
      3.75,
      0.001,
      3.5,
      0.001,
      0.001,
      3.0,
      3.2,
      0.001,
      2.5,
      0.001,
      7.0,
      3.2,
      5.5,
      8.0,
      0.001,
      0.001,
      0.001,
      2.5,
      0.001,
      2.5,
      0.001,
      2.0,
      0.001,
      8.5,
      5.5,
      3.2,
      1.0
    ],
    "Climate Action": [
      3.25,
      5.0,
      9.0,
      0.001,
      0.001,
      9.0,
      0.001,
      0.001,
      0.001,
      0.001,
      7.25,
      0.001,
      0.001,
      0.001,
      0.001,
      9.0,
      7.25,
      7.5,
      4.9,
      5.0,
      0.001,
      0.001,
      0.001,
      2.9005,
      7.25,
      0.001,
      0.001,
      9.0,
      8.25,
      1.2505,
      9.0,
      0.001,
      0.001,
      3.5,
      0.001,
      2.5,
      2.0,
      2.9005,
      9.0,
      0.001,
      0.001,
      9.0,
      5.8,
      4.45,
      9.0,
      0.001,
      2.5,
      8.75,
      1.0005,
      9.0,
      0.001,
      0.001,
      0.001,
      0.001,
      9.0,
      3.0,
      5.8,
      5.0
    ],
    "Life Below Water": [
      0.001,
      0.001,
      0.001,
      0.001,
      0.001,
      0.001,
      0.001,
      0.001,
      0.001,
      0.001,
      0.001,
      0.001,
      0.001,
      0.001,
      0.001,
      0.001,
      0.001,
      0.001,
      0.001,
      0.001,
      0.001,
      0.001,
      0.001,
      0.001,
      0.001,
      0.001,
      0.001,
      0.001,
      0.001,
      0.001,
      0.001,
      0.001,
      0.001,
      0.001,
      0.001,
      0.001,
      0.001,
      0.001,
      0.001,
      0.001,
      0.001,
      0.001,
      0.001,
      0.001,
      0.001,
      0.001,
      0.001,
      0.001,
      0.001,
      0.001,
      0.001,
      0.001,
      0.001,
      0.001,
      0.001,
      0.001,
      0.001,
      0.001
    ],
    "Life on Land": [
      2.5,
      2.5,
      5.5,
      0.001,
      4.0005,
      6.5,
      6.25,
      0.001,
      8.5,
      9.0,
      4.5,
      2.0,
      9.0,
      0.001,
      5.25,
      4.833333333333333,
      4.0,
      3.0,
      2.5,
      8.0,
      0.001,
      8.0,
      3.0,
      5.0,
      9.0,
      4.0,
      5.0,
      3.0005,
      4.8,
      6.0,
      2.0,
      0.001,
      2.75,
      0.001,
      3.60025,
      2.5,
      3.0,
      6.0,
      3.0,
      3.00025,
      5.0,
      3.0,
      2.5,
      4.0,
      9.0,
      4.65,
      6.0,
      2.0,
      6.0,
      2.0,
      2.667,
      7.75,
      3.0,
      6.5,
      2.0,
      3.0,
      2.5
    ],
    "Peace, Justice and Strong Institutions": [
      8.0,
      6.5,
      0.5005,
      7.75,
      9.25,
      9.0,
      9.0,
      6.5,
      9.0,
      9.5,
      5.5,
      1.5,
      10.0,
      6.75,
      9.0,
      7.5,
      6.0,
      6.75,
      6.5,
      9.5,
      6.75,
      9.5,
      5.5,
      7.75,
      9.0,
      1.5,
      7.0,
      1.0,
      4.5,
      1.0,
      1.75,
      3.0,
      6.75,
      6.5,
      4.5,
      7.75,
      6.0,
      1.0,
      1.5,
      1.0003333333333333,
      7.5,
      6.0,
      7.85,
      7.0,
      9.0,
      3.0003333333333333,
      1.0,
      1.5,
      0.5005,
      1.5,
      1.5,
      9.75,
      8.25,
      9.0,
      8.7,
      6.0,
      6.5
    ],
    "Partnerships for the Goals": [
      6.75,
      8.0,
      5.25,
      5.75,
      1.0005,
      5.5,
      6.0,
      6.5,
      0.001,
      0.001,
      6.25,
      1.0,
      0.001,
      5.0,
      3.0,
      6.5,
      6.5,
      3.75,
      8.0,
      2.0,
      5.0,
      0.001,
      3.5,
      6.25,
      5.0,
      5.75,
      6.5,
      5.0,
      6.0,
      1.5,
      1.0,
      2.0,
      6.0,
      6.5,
      7.0,
      6.0,
      3.5,
      3.0,
      2.0,
      6.25,
      4.333666666666667,
      3.75,
      8.2,
      4.75,
      3.0,
      6.0,
      5.5,
      4.25,
      5.5,
      1.0,
      8.0,
      0.001,
      7.5,
      5.0,
      8.2,
      3.5,
      8.0
    ]
  },
  "gemini_judge_final": {
    "No Poverty": [
      8.0,
      2.5,
      2.5,
      2.5,
      1.2505,
      1.7505,
      5.5,
      1.2505,
      2.5,
      0.001,
      2.5,
      0.001,
      2.5,
      4.75,
      5.5,
      1.7505,
      2.5,
      1.2505,
      2.5,
      2.5,
      1.2505,
      2.2505,
      1.2505,
      2.5,
      6.75,
      0.001,
      0.001,
      1.7505,
      0.001,
      0.001,
      0.001,
      0.001,
      4.5,
      6.5,
      2.2505,
      0.001,
      8.0,
      2.5,
      0.001,
      0.001,
      0.001,
      1.7505,
      1.2505,
      6.25,
      1.7505,
      5.5,
      0.001,
      2.5,
      0.001,
      1.2505,
      0.001,
      0.001,
      1.2505,
      3.5,
      1.7505,
      8.5,
      2.5,
      2.5
    ],
    "Zero Hunger": [
      0.001,
      0.001,
      0.001,
      0.001,
      0.001,
      8.5,
      0.001,
      0.001,
      0.001,
      0.001,
      0.001,
      0.001,
      0.001,
      0.001,
      0.001,
      7.5,
      0.001,
      0.001,
      0.001,
      0.001,
      0.001,
      0.001,
      0.001,
      0.001,
      0.001,
      0.001,
      0.001,
      7.5,
      0.001,
      0.001,
      0.001,
      0.001,
      0.001,
      0.001,
      0.001,
      0.001,
      0.001,
      0.001,
      0.001,
      0.001,
      0.001,
      7.5,
      0.001,
      0.001,
      7.5,
      0.001,
      0.001,
      0.001,
      0.001,
      0.001,
      0.001,
      0.001,
      0.001,
      0.001,
      8.5,
      0.001,
      0.001,
      0.001
    ],
    "Good Health and Well-being": [
      4.5,
      5.5,
      2.5,
      0.001,
      0.001,
      4.5,
      0.001,
      0.001,
      0.001,
      0.001,
      7.5,
      4.5,
      0.001,
      0.001,
      0.001,
      5.0,
      7.5,
      5.25,
      2.8,
      5.5,
      0.001,
      0.001,
      0.001,
      2.8,
      4.5,
      0.001,
      0.001,
      4.25,
      2.0,
      0.001,
      1.5,
      4.5,
      2.5,
      2.2505,
      0.001,
      0.001,
      4.5,
      2.8,
      1.5,
      4.5,
      0.001,
      4.5,
      2.8,
      2.5,
      4.25,
      0.001,
      0.001,
      2.0,
      4.5,
      1.0005,
      4.5,
      0.001,
      0.001,
      0.001,
      2.2505,
      2.5,
      2.8,
      5.5
    ],
    "Quality Education": [
      9.0,
      0.001,
      4.5,
      9.5,
      3.5,
      9.0,
      5.0,
      9.5,
      3.2505,
      0.001,
      0.001,
      3.2505,
      0.001,
      9.0,
      5.0,
      8.0,
      0.001,
      0.001,
      0.001,
      0.001,
      5.0,
      8.0,
      0.001,
      2.2505,
      8.75,
      4.5,
      7.75,
      8.333333333333334,
      0.001,
      9.25,
      2.0,
      0.001,
      0.001,
      7.5,
      8.25,
      9.5,
      8.75,
      2.2505,
      5.0,
      0.001,
      7.5,
      8.0,
      0.001,
      9.0,
      8.0,
      4.5,
      7.25,
      0.5005,
      4.0005,
      0.5005,
      0.001,
      7.5,
      0.001,
      8.0,
      9.0,
      9.0,
      2.7505,
      0.001
    ],
    "Gender Equality": [
      0.001,
      0.001,
      0.001,
      0.001,
      0.001,
      0.001,
      0.001,
      0.001,
      0.001,
      0.001,
      0.001,
      0.001,
      0.001,
      0.001,
      0.001,
      0.001,
      0.001,
      0.001,
      0.001,
      0.001,
      0.001,
      0.001,
      0.001,
      0.001,
      0.001,
      0.001,
      0.001,
      0.001,
      0.001,
      0.001,
      0.001,
      0.001,
      0.001,
      0.001,
      0.001,
      0.001,
      0.001,
      0.001,
      0.001,
      0.001,
      0.001,
      0.001,
      0.001,
      0.001,
      0.001,
      0.001,
      0.001,
      0.001,
      0.001,
      0.001,
      0.001,
      0.001,
      0.001,
      0.001,
      0.001,
      0.001,
      0.001,
      0.001
    ],
    "Clean Water and Sanitation": [
      0.001,
      2.0,
      0.001,
      0.001,
      0.001,
      8.5,
      0.001,
      0.001,
      0.001,
      0.001,
      2.0,
      0.001,
      0.001,
      0.001,
      0.001,
      8.0,
      1.25,
      1.0005,
      0.001,
      2.0,
      0.001,
      0.001,
      0.001,
      0.001,
      0.001,
      0.001,
      0.001,
      7.5,
      0.001,
      0.001,
      0.001,
      0.001,
      0.001,
      0.001,
      0.001,
      0.001,
      0.001,
      0.001,
      0.001,
      0.001,
      0.001,
      7.5,
      0.001,
      0.001,
      9.0,
      0.001,
      0.001,
      0.001,
      0.001,
      0.001,
      0.001,
      0.001,
      0.001,
      0.001,
      8.333333333333334,
      0.001,
      0.001,
      1.0005
    ],
    "Affordable and Clean Energy": [
      2.5,
      1.5,
      0.001,
      0.001,
      0.001,
      0.001,
      0.001,
      0.001,
      0.001,
      0.001,
      4.5,
      3.5,
      0.001,
      0.001,
      0.001,
      1.2505,
      2.75,
      1.5,
      0.001,
      1.5,
      0.001,
      0.001,
      0.001,
      0.001,
      2.5,
      0.001,
      0.001,
      2.5,
      0.001,
      0.001,
      0.001,
      4.25,
      0.001,
      2.5,
      0.001,
      0.001,
      2.5,
      0.001,
      0.001,
      4.0,
      0.001,
      0.001,
      0.001,
      1.5,
      1.2505,
      0.001,
      0.001,
      0.001,
      3.5,
      0.001,
      4.0,
      0.001,
      0.001,
      0.001,
      0.001,
      1.5,
      0.001,
      0.7505
    ],
    "Decent Work and Economic Growth": [
      8.0,
      8.5,
      7.5,
      8.5,
      7.5,
      5.5,
      6.25,
      9.0,
      6.5,
      5.25,
      7.5,
      4.0,
      6.5,
      8.5,
      8.0,
      5.5,
      8.0,
      8.5,
      7.6,
      8.5,
      7.5,
      8.75,
      3.2505,
      8.6,
      7.75,
      8.0,
      4.75,
      3.75,
      3.7505,
      5.5,
      4.75,
      4.0,
      8.25,
      7.75,
      8.5,
      5.5,
      7.75,
      9.2,
      5.5,
      4.0,
      4.5,
      5.5,
      9.2,
      8.8,
      5.5,
      8.0,
      5.5,
      7.5,
      4.0,
      7.5,
      4.75,
      4.5,
      3.2505,
      8.75,
      5.5,
      8.8,
      9.2,
      8.75
    ],
    "Industry, Innovation and Infrastructure": [
      9.5,
      9.0,
      8.0,
      8.0,
      4.25,
      9.0,
      6.0,
      8.75,
      8.0,
      5.75,
      8.25,
      9.25,
      6.75,
      8.25,
      6.0,
      9.0,
      9.0,
      9.0,
      7.75,
      9.0,
      2.7505,
      8.0,
      8.5,
      8.25,
      9.0,
      3.0005,
      9.0,
      8.75,
      4.5005,
      8.933333333333334,
      7.25,
      8.5,
      8.0,
      8.0,
      8.0,
      8.933333333333334,
      9.5,
      8.5,
      7.5,
      9.5,
      9.0,
      9.0,
      8.5,
      9.25,
      9.0,
      6.0,
      8.8,
      9.0,
      9.5,
      9.0,
      8.75,
      9.0,
      7.75,
      7.75,
      9.0,
      9.5,
      8.5,
      9.0
    ],
    "Reduced Inequalities": [
      8.25,
      6.0,
      0.7505,
      7.5,
      6.0,
      9.5,
      6.5,
      3.7505,
      5.5,
      5.5,
      5.75,
      0.001,
      2.7505,
      5.5,
      6.5,
      8.5,
      5.5,
      6.0,
      6.0,
      6.0,
      3.0005,
      6.0,
      2.7505,
      6.5,
      8.25,
      3.2505,
      0.001,
      8.5,
      0.001,
      0.001,
      0.001,
      0.001,
      4.5,
      6.75,
      6.0,
      0.001,
      8.0,
      6.5,
      0.001,
      0.001,
      0.001,
      8.5,
      6.5,
      7.9,
      8.5,
      3.2505,
      0.001,
      1.5,
      0.001,
      0.7505,
      0.001,
      0.001,
      2.7505,
      6.0,
      9.5,
      7.9,
      6.5,
      6.0
    ],
    "Sustainable Cities and Communities": [
      9.5,
      10.0,
      9.5,
      8.5,
      7.75,
      10.0,
      8.0,
      8.5,
      9.5,
      9.5,
      10.0,
      9.4,
      10.0,
      8.25,
      5.0,
      10.0,
      10.0,
      10.0,
      10.0,
      10.0,
      7.0,
      8.25,
      10.0,
      10.0,
      9.833333333333334,
      6.0,
      8.5,
      9.75,
      9.5,
      8.133333333333333,
      9.0,
      9.9,
      10.0,
      9.25,
      8.5,
      8.733333333333333,
      9.5,
      10.0,
      9.0,
      9.8,
      7.9,
      10.0,
      10.0,
      9.8,
      10.0,
      9.0,
      7.35,
      10.0,
      9.8,
      10.0,
      9.8,
      7.8,
      9.75,
      8.0,
      10.0,
      9.8,
      10.0,
      10.0
    ],
    "Responsible Consumption and Production": [
      3.0,
      1.0,
      0.001,
      0.001,
      0.001,
      8.5,
      0.001,
      0.001,
      2.0,
      0.001,
      2.0,
      2.5,
      2.0,
      0.001,
      0.001,
      7.0,
      1.12525,
      0.5005,
      3.2,
      0.5005,
      0.001,
      0.001,
      2.0,
      3.2,
      3.0,
      0.001,
      0.001,
      7.25,
      0.001,
      0.001,
      0.001,
      2.5,
      0.001,
      3.5,
      0.001,
      0.001,
      3.0,
      3.2,
      0.001,
      2.5,
      0.001,
      7.0,
      3.2,
      5.5,
      8.0,
      0.001,
      0.001,
      0.001,
      2.5,
      0.001,
      2.5,
      0.001,
      2.0,
      0.001,
      8.5,
      5.5,
      3.2,
      1.0
    ],
    "Climate Action": [
      2.5,
      5.0,
      9.0,
      0.001,
      0.001,
      9.0,
      0.001,
      0.001,
      0.001,
      0.001,
      7.0,
      0.001,
      0.001,
      0.001,
      0.001,
      9.0,
      7.25,
      7.5,
      4.9,
      5.0,
      0.001,
      0.001,
      0.001,
      2.9005,
      7.25,
      0.001,
      0.001,
      9.0,
      8.25,
      1.2505,
      8.666666666666666,
      0.001,
      0.001,
      3.5,
      0.001,
      2.5,
      2.0,
      2.9005,
      9.0,
      0.001,
      0.001,
      9.0,
      5.8,
      1.25,
      9.0,
      0.001,
      2.5,
      8.75,
      0.001,
      9.0,
      0.001,
      0.001,
      0.001,
      0.001,
      9.0,
      3.0,
      5.8,
      5.0
    ],
    "Life Below Water": [
      0.001,
      0.001,
      0.001,
      0.001,
      0.001,
      0.001,
      0.001,
      0.001,
      0.001,
      0.001,
      0.001,
      0.001,
      0.001,
      0.001,
      0.001,
      0.001,
      0.001,
      0.001,
      0.001,
      0.001,
      0.001,
      0.001,
      0.001,
      0.001,
      0.001,
      0.001,
      0.001,
      0.001,
      0.001,
      0.001,
      0.001,
      0.001,
      0.001,
      0.001,
      0.001,
      0.001,
      0.001,
      0.001,
      0.001,
      0.001,
      0.001,
      0.001,
      0.001,
      0.001,
      0.001,
      0.001,
      0.001,
      0.001,
      0.001,
      0.001,
      0.001,
      0.001,
      0.001,
      0.001,
      0.001,
      0.001,
      0.001,
      0.001
    ],
    "Life on Land": [
      2.5,
      2.5,
      5.5,
      0.001,
      4.0005,
      6.5,
      6.25,
      0.001,
      8.5,
      9.0,
      4.5,
      2.0,
      9.0,
      0.001,
      5.25,
      5.0,
      4.0,
      3.0,
      2.5,
      8.0,
      0.001,
      8.0,
      3.0,
      5.0,
      9.0,
      4.0,
      5.0,
      3.0005,
      4.8,
      6.0,
      2.0,
      0.001,
      2.75,
      0.001,
      4.8,
      2.5,
      3.0,
      6.0,
      3.0,
      4.0,
      5.0,
      3.0,
      2.5,
      4.0,
      9.0,
      4.65,
      6.0,
      2.0,
      6.0,
      2.0,
      4.0,
      7.75,
      3.0,
      6.5,
      2.0,
      3.0,
      2.5
    ],
    "Peace, Justice and Strong Institutions": [
      8.0,
      6.5,
      0.5005,
      7.75,
      9.25,
      9.0,
      9.0,
      6.5,
      9.0,
      9.5,
      5.5,
      1.5,
      10.0,
      6.75,
      9.0,
      7.0,
      6.0,
      6.75,
      6.5,
      9.5,
      6.666666666666667,
      9.5,
      5.5,
      7.75,
      9.0,
      1.5,
      7.0,
      0.001,
      4.5,
      1.0,
      1.75,
      3.0,
      6.75,
      6.5,
      4.5,
      7.75,
      6.0,
      1.0,
      1.5,
      1.5,
      7.5,
      6.0,
      7.85,
      7.0,
      9.0,
      4.5,
      0.5005,
      1.5,
      0.5005,
      1.5,
      1.5,
      9.75,
      8.25,
      9.0,
      8.7,
      6.0,
      6.5
    ],
    "Partnerships for the Goals": [
      6.75,
      8.0,
      5.25,
      5.75,
      1.0005,
      5.5,
      6.0,
      6.5,
      0.001,
      0.001,
      6.25,
      1.0,
      0.001,
      5.0,
      3.0,
      6.5,
      6.5,
      3.75,
      8.0,
      1.0005,
      2.5,
      0.001,
      3.5,
      6.25,
      5.0,
      5.75,
      6.5,
      5.0,
      6.0,
      1.5,
      1.0,
      2.0,
      6.0,
      6.5,
      6.666666666666667,
      6.0,
      3.5,
      3.0,
      2.0,
      5.75,
      6.5,
      3.75,
      8.2,
      4.75,
      3.0,
      6.0,
      5.5,
      4.25,
      5.5,
      1.0,
      8.0,
      0.001,
      2.5,
      5.0,
      8.2,
      3.5,
      8.0
    ]
  }
}